# NOAA Paleoclimatology Program - Paleocean Site Data
# rc27-23-tab.txt
# Complete Data
# File Created: 18-Jan-2005
#
#*********************************************************************************
# Please cite the contributor and the original publications when using these data
#*********************************************************************************
#
# Missing Values indicated by '-999'
#
# PI:             Mark A. Altabet
# Core/Site:      RC27-23
# Latitude:       17.59.36N	( 17.99333)
# Longitude:      57.35.24E	( 57.59)
# Water Depth(m): 820
#
# Publications:
#   Altabet, M.A., M.J. Higginson, and D.W. Murray. 2002. The effect of millennial-scale
#     changes in Arabian Sea denitrification on atmospheric CO2. Nature 415:159-162.
#------------------
#
# Description & Notes:
#   Arabian Sea Denitrification Data.
#   Substantial millennial-scale variability in Arabian Sea denitrification and productivity
#   is indicated during the last glacial period.
#
# Variables:
#             depth         Depth (cm)
#             yrBP          radiocarbon years B.P. (Libby half-life; B.P. = 1950)
#             d15N          delta N15
#             N%            Nitrogen percent
#             chlor         Chlorins (µg/g)
#
# CORE: RC27-23
depth	yrBP 	d15N	N%	chlor	
1.5	130	7.7	0.74	-999	
2.5	207	7.7	0.73	-999	
3.5	284	7.79	0.73	-999	
4.5	361	7.74	0.71	-999	
5.5	439	7.53	0.73	-999	
6.5	516	7.6	0.69	-999	
8.5	670	7.67	0.68	-999	
9.5	747	7.5	0.7	-999	
10.5	824	7.59	0.68	-999	
11.5	902	7.64	0.69	-999	
12.5	979	7.51	0.66	-999	
13.5	1056	-999	-999	5.736	
14.5	1133	7.46	0.66	-999	
15.5	1210	7.59	0.65	-999	
16.5	1288	7.54	0.64	5.626	
17.5	1365	7.63	0.64	-999	
18.5	1442	7.7	0.65	6.071	
20.5	1596	7.66	0.6	5.777	
22.5	1751	7.66	0.68	-999	
24.5	1905	7.75	0.64	-999	
25.5	1982	-999	-999	5.721	
26.5	2059	7.67	0.63	-999	
27.5	2137	7.79	0.63	5.253	
28.5	2214	7.61	0.63	-999	
29.5	2291	-999	-999	5.444	
30.5	2368	7.84	0.66	-999	
31.5	2445	7.58	0.64	5.246	
32.5	2523	7.58	0.62	-999	
33.5	2600	7.45	0.58	5.433	
34.5	2677	7.4	0.59	-999	
35.5	2754	-999	-999	5.569	
36.5	2831	7.55	0.57	-999	
37.5	2909	7.37	0.56	4.847	
38.5	2986	7.46	0.55	-999	
39.5	3063	7.38	0.56	5.052	
40.5	3140	7.4	0.59	-999	
41.5	3217	7.26	0.6	5.094	
42.5	3295	7.17	0.45	-999	
43.5	3372	-999	-999	4.635	
44.5	3449	7.25	0.48	-999	
45.5	3526	-999	-999	4.765	
46.5	3603	7.25	0.49	-999	
48.5	3758	7.18	0.47	4.435	
49.5	3835	7.36	0.47	-999	
50.5	3912	7.15	0.49	3.785	
52.5	4067	7.29	0.49	4.137	
54.5	4221	7.05	0.51	3.684	
56.5	4375	7.19	0.48	3.724	
57.5	4453	7.22	0.42	-999	
58.5	4530	7.21	0.44	4.465	
59.5	4607	7.02	0.43	-999	
60.5	4684	7.21	0.43	3.822	
62.5	4842	7.26	0.29	3.421	
64.5	5009	6.89	0.43	3.655	
66.5	5177	7.2	0.37	3.681	
68.5	5344	7.09	0.35	-999	
70.5	5512	7.09	0.35	3.399	
72.5	5680	6.76	0.33	3.644	
74.5	5847	6.77	0.31	3.593	
76.5	6015	6.89	0.3	3.601	
78.5	6182	6.84	0.28	3.49	
80.5	6350	6.78	0.29	3.262	
82.5	6517	6.58	0.3	3.185	
84.5	6685	6.71	0.32	3.361	
86.5	6852	6.89	0.27	3.034	
88.5	7020	6.47	0.25	2.487	
90.5	7187	6.84	0.28	2.922	
92.5	7362	7.04	0.28	2.891	
94.5	7557	6.8	0.26	2.654	
96.5	7752	6.78	0.29	2.774	
98.5	7948	6.69	0.25	2.875	
100.5	8143	6.92	0.24	2.691	
102.5	8338	6.76	0.26	2.587	
104.5	8533	7.12	0.23	2.588	
106.5	8729	6.71	0.16	3.072	
108.5	8924	7.19	0.25	2.711	
110.5	9119	7.45	0.23	2.695	
112.5	9314	7.52	0.19	2.562	
114.5	9510	7.64	0.24	2.21	
116.5	9705	7.35	0.21	2.577	
118.5	9831	7.42	0.23	2.509	
120.5	9957	7.97	0.21	2.304	
122.5	10079	7.91	0.2	2.601	
124.5	10193	7.72	0.2	2.569	
126.5	10307	7.84	0.17	2.059	
128.5	10421	7.7	0.2	2.46	
130.5	10534	7.62	0.21	2.389	
132.5	10648	7.51	0.21	2.362	
134.5	10762	7.72	0.2	2.645	
136.5	10875	7.38	0.19	2.452	
138.5	10989	7.3	0.22	2.451	
140.5	11103	7.53	0.21	2.49	
142.5	11216	7.63	0.18	2.125	
144.5	11330	7.22	0.18	2.16	
146.5	11444	7.41	0.19	1.971	
148.5	11558	6.83	0.15	1.962	
150.5	11671	6.92	0.16	2.003	
152.5	11785	6.26	0.11	1.725	
154.5	12011	6.77	0.16	1.619	
156.5	12237	7.15	0.18	1.355	
158.5	12462	6.64	0.18	1.16	
160.5	12688	6.66	0.14	0.855	
162.5	12914	6.79	0.15	1.127	
164.5	13140	6.88	0.15	1.472	
166.5	13365	6.19	0.15	1.659	
168.5	13591	6.62	0.15	1.4	
170.5	13817	6.99	0.17	1.471	
172.5	14043	7.19	0.17	1.554	
174.5	14268	7.41	0.17	1.388	
176.5	14494	7.44	0.18	2.264	
178.5	14544	6.87	0.18	2.393	
180.5	14594	6.95	0.16	1.809	
182.5	14644	6.76	0.15	-999	
184.5	14694	5.91	0.11	1.114	
186.5	14744	6.2	0.1	0.993	
188.5	14794	5.81	0.09	1.214	
190.5	14844	6.07	0.12	1.045	
192.5	14894	5.07	0.08	1.126	
194.5	15021	6.24	0.12	0.99	
196.5	15148	6.04	0.11	0.536	
198.5	15274	5.86	0.1	0.468	
200.5	15401	5.88	0.1	0.448	
202.5	15528	5.81	0.08	0.654	
204.5	15655	6.18	0.13	-999	
206.5	15781	6.3	0.16	0.891	
208.5	15908	5.11	0.11	1.18	
210.5	16142	5.37	0.11	1.05	
212.5	16376	5.37	0.12	0.969	
214.5	16609	5.12	0.11	0.91	
216.5	16843	5.72	0.12	1.061	
218.5	17077	5.63	0.11	0.993	
220.5	17311	6.03	0.12	0.935	
222.5	17544	6.04	0.13	1.078	
224.5	17778	5.79	0.13	1.154	
226.5	18012	5.29	0.14	1.288	
228.5	18246	5.57	0.15	1.046	
230.5	18479	5.42	0.15	1.264	
232.5	18713	5.7	0.15	1.45	
234.5	18947	5.78	0.14	1.694	
236.5	19181	5.85	0.15	1.591	
238.5	19414	5.68	0.17	1.7	
240.5	19648	5.73	0.16	1.621	
242.5	19882	5.92	0.17	1.599	
244.5	20116	6.06	0.13	1.674	
246.5	20349	5.59	0.18	1.743	
248.5	20583	6.24	0.17	1.476	
250.5	20764	5.68	0.15	1.564	
252.5	20945	5.62	0.17	1.455	
254.5	21126	5.42	0.16	1.424	
256.5	21307	5.32	0.16	1.304	
258.5	21592	5.82	0.15	1.194	
260.5	21877	6.27	0.18	1.581	
262.5	22162	6.19	0.18	-999	
264.5	22448	6.34	0.17	1.417	
266.5	22733	6.61	0.2	1.688	
268.5	23018	6.13	0.17	1.462	
270.5	23303	7.77	0.22	1.594	
272.5	23403	5.67	0.13	1.367	
274.5	23502	6.53	0.17	-999	
276.5	23602	5.54	0.13	1.174	
278.5	23701	5.6	0.13	1.253	
280.5	23801	5.48	0.14	1.152	
282.5	23900	5.3	0.14	0.954	
284.5	24000	5.28	0.14	0.967	
286.5	24119	5.51	0.15	1.058	
288.5	24239	5.5	0.15	1.2	
290.5	24358	5.46	0.16	1.159	
292.5	24477	5.21	0.16	1.306	
294.5	24597	5.34	0.16	1.462	
296.5	24716	5.66	0.16	1.11	
298.5	24835	5.54	0.16	1.262	
300.5	24955	5.03	0.17	1.309	
302.5	25074	5.16	0.17	1.872	
304.5	25194	5	0.13	1.287	
306.5	25313	5.48	0.15	1.063	
308.5	25432	5.33	0.15	0.989	
310.5	25552	4.98	0.14	1.338	
312.5	25671	4.94	0.15	1.573	
314.5	25790	5.15	0.15	1.197	
316.5	25910	5.34	0.15	1.196	
318.5	26029	5.36	0.17	1.346	
320.5	26148	5.4	0.18	1.306	
322.5	26268	5.59	0.19	-999	
324.5	26387	5.52	0.2	2.093	
326.5	26506	5.57	0.19	1.889	
328.5	26626	5.54	0.15	1.519	
330.5	26745	6.24	0.22	2.057	
332.5	26865	5.53	0.2	1.978	
334.5	26984	5.65	0.2	1.976	
336.5	27103	6.09	0.22	1.956	
338.5	27223	5.1	0.11	2.255	
340.5	27342	5.03	0.11	-999	
342.5	27461	5.81	0.2	-999	
344.5	27557	5.91	0.22	1.886	
346.5	27629	6.93	0.26	1.537	
348.5	27700	6.75	0.23	2.291	
350.5	27772	6.7	0.24	3.61	
352.5	27844	5.79	0.2	2.125	
354.5	27959	4.86	0.15	1.952	
356.5	28074	5.08	0.15	1.479	
358.5	28189	5.17	0.17	1.527	
360.5	28304	5.71	0.17	1.411	
362.5	28419	5.32	0.15	1.232	
364.5	28534	5.47	0.15	1.079	
366.5	28649	5.64	0.19	1.555	
368.5	28759	5.73	0.18	1.491	
370.5	28868	6.63	0.2	2.108	
372.5	28978	7.19	0.26	2.131	
374.5	29077	5.49	0.13	2.147	
376.5	29165	5.43	0.13	1.47	
378.5	29254	4.84	0.11	1.043	
380.5	29342	4.73	0.11	0.819	
382.5	29430	5.03	0.12	1.049	
384.5	29518	4.98	0.12	1.077	
386.5	29606	4.86	0.12	1.074	
388.5	29695	5.64	0.22	0.721	
390.5	29783	4.9	0.13	1.227	
392.5	29871	5.5	0.13	1.11	
394.5	29959	5.33	0.12	0.751	
396.5	30048	5.31	0.1	0.814	
398.5	30136	6.28	0.25	0.863	
400.5	30224	5.35	0.11	0.792	
402.5	30312	5.52	0.11	0.689	
404.5	30401	5.39	0.12	0.746	
406.5	30489	5.54	0.14	0.88	
408.5	30577	5.64	0.13	0.882	
410.5	30665	5.69	0.14	0.964	
412.5	30753	5.66	0.15	1.065	
414.5	30842	4.97	0.15	1.257	
416.5	30930	5.72	0.14	1.053	
418.5	31018	5.36	0.13	0.963	
420.5	31106	5.51	0.18	1.513	
422.5	31195	4.66	0.2	1.58	
424.5	31283	5.12	0.18	1.703	
426.5	31371	5.56	0.18	1.297	
428.5	31459	5.72	0.18	1.443	
430.5	31547	5.5	0.16	1.168	
432.5	31636	5.7	0.2	1.364	
434.5	31724	5.66	0.19	1.248	
436.5	31802	5.76	0.16	1.42	
438.5	31870	5.58	0.18	1.513	
440.5	31937	5.84	0.23	1.543	
442.5	32005	6.25	0.2	-999	
444.5	32073	6.24	0.22	1.588	
446.5	32141	6.88	0.27	1.714	
448.5	32208	6.71	0.22	1.801	
450.5	32276	6.29	0.25	2.234	
452.5	32383	5.6	0.2	1.566	
454.5	32530	5.24	0.18	1.178	
456.5	32677	5.25	0.17	1.137	
458.5	32824	5.4	0.16	1.171	
460.5	32971	5.42	0.16	1.169	
462.5	33104	5.78	0.18	1.313	
464.5	33225	5.66	0.2	1.57	
466.5	33346	6.1	0.22	1.49	
468.5	33466	6.01	0.24	2.331	
470.5	33587	5.61	0.18	1.789	
472.5	33734	5.09	0.2	1.502	
474.5	33881	4.9	0.18	1.573	
476.5	34029	5.32	0.17	1.458	
478.5	34176	5.27	0.19	1.334	
480.5	34323	5.99	0.17	1.705	
482.5	34470	5.79	0.21	2.059	
484.5	34590	6.82	0.21	1.738	
486.5	34682	6.76	0.19	1.778	
488.5	34774	7.37	0.21	1.959	
490.5	34866	7.04	0.18	1.832	
492.5	34958	7.4	0.21	1.822	
494.5	35050	7.57	0.23	2.003	
496.5	35142	7.15	0.2	1.755	
498.5	35234	7.33	0.25	2.364	
500.5	35312	5.83	0.17	1.554	
502.5	35377	6.96	0.19	1.449	
504.5	35441	5.81	0.13	1.532	
506.5	35505	6.68	0.16	1.756	
508.5	35570	6.12	0.15	1.599	
510.5	35634	5.7	0.14	1.483	
512.5	35699	6.14	0.15	1.354	
514.5	35763	5.88	0.16	1.64	
516.5	35827	6.26	0.15	1.487	
518.5	35892	6.43	0.16	1.585	
520.5	35956	6.66	0.16	1.697	
522.5	36021	6.67	0.17	1.691	
524.5	36085	6.72	0.19	1.905	
526.5	36150	7.13	0.18	1.951	
528.5	36214	7.3	0.18	1.853	
530.5	36278	7.59	0.19	1.798	
532.5	36343	7	0.18	2.046	
534.5	36407	7.42	0.18	2.057	
536.5	36472	7.01	0.17	1.997	
538.5	36536	6.48	0.15	1.598	
540.5	36871	7.76	0.18	1.873	
542.5	37205	7.94	0.2	2.483	
544.5	37540	7.28	0.18	1.781	
546.5	37874	7.92	0.24	2.461	
548.5	38209	7.08	0.22	2.079	
550.5	38410	6.32	0.17	1.818	
552.5	38477	5.79	0.14	1.555	
554.5	38545	6.06	0.17	1.73	
556.5	38612	6.03	0.16	1.667	
558.5	38680	5.57	0.11	1.436	
560.5	38747	5.64	0.12	1.209	
562.5	38814	5.28	0.1	1	
564.5	38882	5.31	0.07	1.046	
566.5	38949	5.92	0.15	0.85	
568.5	39017	5.89	0.16	1.417	
570.5	39084	5.73	0.17	1.425	
572.5	39152	5.95	0.17	1.392	
574.5	39219	5.76	0.14	1.155	
576.5	39287	5.77	0.14	1.018	
578.5	39354	5.74	0.14	1.244	
580.5	39422	5.92	0.15	1.274	
582.5	39489	6.08	0.16	1.654	
584.5	39557	6.05	0.16	1.238	
586.5	39624	5.7	0.13	1.218	
588.5	39691	5.69	0.12	1.366	
590.5	39759	5.76	0.13	1.46	
592.5	39826	6.24	0.14	1.385	
594.5	39894	5.63	0.14	1.379	
596.5	39961	6.08	0.18	1.549	
598.5	40029	5.93	0.18	1.578	
600.5	40096	6.1	0.18	1.692	
602.5	40164	6.07	0.18	1.765	
604.5	40231	5.99	0.21	1.814	
606.5	40299	5.9	0.21	1.723	
608.5	40366	6.43	0.24	2.04	
610.5	40433	6.34	0.22	2.294	
612.5	40501	5.63	0.23	2.25	
614.5	40568	5.76	0.22	2.158	
616.5	40636	5.53	0.24	1.929	
618.5	40703	6.06	0.24	1.946	
620.5	40785	6.48	0.24	2.048	
622.5	40882	6.29	0.09	1.255	
624.5	40979	6.95	0.26	2.38	
626.5	41075	6.99	0.23	2.407	
628.5	41172	6.25	0.22	1.726	
630.5	41312	5.35	0.18	1.575	
632.5	41452	5.66	0.19	2.124	
634.5	41592	6.02	0.21	1.914	
636.5	41732	6.39	0.26	2.022	
638.5	41875	7.03	0.28	3.044	
640.5	42020	7	0.25	2.552	
642.5	42166	8.46	0.44	3.035	
644.5	42312	7.29	0.27	3.59	
646.5	42457	7.59	0.43	2.618	
648.5	42568	4.97	0.18	2.606	
650.5	42645	4.58	0.15	2.015	
652.5	42722	4.76	0.16	1.506	
654.5	42799	6.39	0.2	1.284	
656.5	42876	5.19	0.18	1.441	
658.5	42953	4.61	0.19	1.566	
660.5	43030	5	0.19	1.718	
662.5	43107	6.13	0.22	1.852	
664.5	43193	6.36	0.25	1.892	
666.5	43288	6.34	0.26	2.117	
668.5	43383	6.65	0.2	2.024	
670.5	43478	7.45	0.3	1.818	
672.5	43574	7.22	0.28	2.678	
674.5	43669	7.66	0.3	2.713	
676.5	43764	7.83	0.25	2.464	
678.5	43860	8.34	0.27	2.216	
680.5	43955	8.57	0.27	2.449	
682.5	44050	7.97	0.25	2.284	
684.5	44145	8.54	0.31	2.334	
686.5	44241	8.58	0.29	2.471	
688.5	44336	9.16	0.41	2.414	
690.5	44431	9.56	0.44	4.182	
692.5	44526	8.93	0.37	3.11	
694.5	44622	7.95	0.27	2.738	
696.5	44717	9.13	0.39	3.618	
698.5	44812	9.26	0.38	4.449	
700.5	44907	8.16	0.29	4.908	
701.5	44955	8.86	0.36	-999	
702.5	45003	7.92	0.28	2.975	
703.5	45050	7.51	0.27	-999	
704.5	45098	8.46	0.36	2.56	
706.5	45193	8.64	0.41	4.488	
707.5	45241	8.12	0.42	-999	
708.5	45289	8.44	0.37	6.687	
709.5	45336	7.53	0.3	-999	
710.5	45381	5.97	0.23	3.782	
711.5	45423	6.29	0.21	-999	
712.5	45465	6.53	0.17	2.533	
713.5	45507	6.47	0.19	-999	
714.5	45549	6.15	0.17	1.22	
715.5	45591	5.68	0.15	-999	
716.5	45633	5.35	0.15	1.776	
717.5	45675	4.96	0.14	-999	
718.5	45718	5.05	0.15	1.614	
719.5	45760	5.13	0.15	-999	
720.5	45802	4.98	0.15	1.516	
721.5	45844	6.39	0.19	-999	
722.5	45886	6.4	0.19	1.363	
723.5	45928	6.76	0.21	-999	
724.5	45970	6.16	0.18	1.209	
725.5	46012	5.98	0.16	-999	
726.5	46054	5.88	0.16	1.465	
727.5	46096	5.99	0.16	-999	
728.5	46138	6.08	0.15	1.662	
729.5	46180	6.28	0.16	-999	
730.5	46222	6.38	0.16	2.065	
731.5	46264	6.46	0.17	-999	
732.5	46306	6.23	0.18	1.473	
733.5	46349	6.2	0.18	-999	
734.5	46391	6.19	0.17	1.365	
735.5	46433	6.24	0.19	-999	
736.5	46475	6.45	0.18	1.427	
737.5	46517	6.51	0.2	-999	
738.5	46559	6.59	0.19	1.57	
739.5	46601	6.65	0.2	-999	
740.5	46643	6.51	0.2	1.283	
741.5	46675	6.88	0.23	-999	
742.5	46697	6.71	0.22	1.496	
743.5	46719	6.8	0.24	-999	
744.5	46741	6.72	0.22	1.399	
745.5	46764	6.61	0.21	-999	
746.5	46786	6.59	0.2	2.037	
747.5	46808	6.6	0.21	-999	
748.5	46830	6.69	0.22	1.507	
749.5	46852	6.98	0.25	-999	
750.5	46874	6.67	0.22	1.603	
751.5	46896	6.76	0.23	-999	
752.5	46918	6.89	0.26	1.822	
753.5	46941	6.72	0.24	-999	
754.5	46963	6.78	0.25	1.655	
755.5	46985	6.6	0.25	-999	
756.5	47007	6.95	0.27	1.818	
757.5	47029	7.46	0.3	-999	
758.5	47051	7.77	0.38	2.357	
759.5	47073	7.59	0.32	-999	
760.5	47095	7.68	0.34	2.441	
761.5	47118	7.55	0.35	-999	
762.5	47140	7.54	0.29	2.441	
763.5	47162	7.45	0.31	-999	
764.5	47184	7.06	0.25	2.488	
765.5	47286	6.77	0.23	-999	
766.5	47467	6.41	0.25	2.119	
767.5	47649	7.19	0.25	-999	
768.5	47682	7.7	0.26	2.309	
769.5	47715	7.59	0.32	-999	
770.5	47749	7.85	0.37	2.502	
771.5	47782	7.6	0.33	-999	
772.5	47815	7.64	0.32	2.46	
773.5	47848	7.64	0.31	-999	
774.5	47881	7.65	0.31	2.25	
775.5	47914	7.8	0.3	-999	
776.5	47948	7.9	0.31	2.186	
777.5	47981	7.24	0.24	-999	
778.5	48014	8	0.32	2.298	
779.5	48047	7.87	0.31	-999	
780.5	48080	7.32	0.24	1.944	
781.5	48113	7.9	0.3	-999	
782.5	48147	-999	-999	2.12	
784.5	48213	-999	-999	2.477	
786.5	48279	-999	-999	2.243	
788.5	48346	-999	-999	2.112	
790.5	48412	-999	-999	2.179	
792.5	48478	-999	-999	2.125	
794.5	48545	-999	-999	2.099	
796.5	48611	-999	-999	2.158	
798.5	48677	-999	-999	2.072	
800.5	48744	-999	-999	2.202	
802.5	48810	-999	-999	2.205	
803.5	48843	8.57	0.3	-999	
804.5	48876	8.23	0.29	2.176	
805.5	48909	8.28	0.29	-999	
806.5	48943	8.37	0.3	2.11	
807.5	48976	8.72	0.35	-999	
808.5	49009	8.91	0.37	2.484	
809.5	49042	8.78	0.35	-999	
810.5	49075	8.77	0.32	2.233	
811.5	49108	7.78	0.25	-999	
812.5	49172	9.06	0.32	2.146	
813.5	49266	8.71	0.3	-999	
814.5	49360	8.59	0.32	2.074	
815.5	49454	8.66	0.32	-999	
816.5	49548	8.35	0.27	2.083	
817.5	49642	8.43	0.3	-999	
818.5	49736	8.74	0.31	2.097	
819.5	49830	8.82	0.31	-999	
820.5	49925	9.01	0.34	2.048	
821.5	50019	9.15	0.33	-999	
822.5	50113	8.73	0.45	2.316	
823.5	50207	8.91	0.32	-999	
824.5	50301	9.07	0.32	2.243	
825.5	50395	9.11	0.31	-999	
826.5	50489	9.28	0.31	2.529	
827.5	50583	9.06	0.34	-999	
828.5	50677	8.79	0.34	2.559	
829.5	50771	8.77	0.33	-999	
830.5	50865	8.64	0.31	2.381	
831.5	50959	8.86	0.31	-999	
832.5	51053	9.2	0.35	2.999	
833.5	51147	9.15	0.36	-999	
834.5	51241	9.11	0.37	3.255	
835.5	51335	9	0.36	-999	
836.5	51430	8.6	0.34	2.792	
837.5	51524	7.27	0.22	-999	
838.5	51618	7.32	0.26	2.551	
839.5	51712	7.58	0.26	-999	
840.5	51806	8.38	0.28	2.913	
841.5	51900	8.16	0.27	-999	
842.5	51994	8.27	0.23	1.797	
843.5	52088	7.42	0.24	-999	
844.5	52151	6.38	0.17	1.264	
845.5	52183	6.92	0.19	-999	
846.5	52215	5.5	0.13	1.375	
847.5	52247	5.42	0.14	-999	
848.5	52279	5.55	0.15	1.582	
849.5	52311	5.8	0.14	-999	
850.5	52343	5.66	0.13	1.608	
851.5	52375	5.57	0.13	-999	
852.5	52407	5.62	0.13	1.579	
853.5	52439	5.55	0.13	-999	
854.5	52471	5.75	0.14	1.654	
855.5	52503	5.51	0.14	-999	
856.5	52535	5.81	0.14	1.589	
857.5	52567	5.61	0.14	-999	
858.5	52599	5.82	0.16	1.784	
859.5	52632	6.07	0.16	-999	
860.5	52664	5.83	0.14	1.758	
861.5	52696	5.73	0.15	-999	
862.5	52728	5.72	0.15	1.837	
863.5	52760	6.02	0.18	-999	
864.5	52792	6.33	0.16	2.009	
865.5	52824	6.21	0.17	-999	
866.5	52856	6.18	0.17	1.94	
867.5	52888	5.63	0.22	-999	
868.5	52920	5.46	0.2	1.793	
869.5	52952	6.49	0.21	-999	
870.5	52984	5.96	0.21	1.777	
871.5	53016	5.73	0.19	-999	
872.5	53048	6.03	0.19	1.595	
873.5	53080	6.31	0.23	-999	
874.5	53219	6.88	0.27	2.196	
875.5	53358	7.1	0.3	-999	
876.5	53497	7.09	0.3	2.377	
877.5	53636	6.32	0.25	-999	
878.5	53775	6.18	0.27	2.36	
879.5	53818	5.57	0.2	-999	
880.5	53861	4.98	0.19	1.454	
881.5	53903	5.66	0.18	-999	
882.5	53946	5.96	0.17	1.533	
883.5	53989	6.28	0.19	-999	
884.5	54032	5.39	0.16	1.663	
885.5	54075	5.07	0.15	-999	
886.5	54118	5.02	0.15	1.389	
887.5	54160	5.31	0.15	-999	
888.5	54203	5.19	0.15	1.193	
889.5	54246	5.47	0.15	-999	
890.5	54289	5.41	0.14	1.67	
891.5	54332	5.71	0.15	-999	
892.5	54374	5.77	0.16	1.477	
894.5	54460	6.57	0.2	1.823	
895.5	54530	6.62	0.21	-999	
896.5	54600	6.84	0.2	1.708	
897.5	54670	6.84	0.21	-999	
898.5	54740	7.18	0.22	2.314	
899.5	54810	7.18	0.23	-999	
900.5	54880	7.47	0.22	2.564	
901.5	54950	7.5	0.23	-999	
902.5	55020	7.61	0.22	2.318	
903.5	55090	7.07	0.21	-999	
904.5	55160	7.43	0.18	2.29	
905.5	55230	7.47	0.19	-999	
906.5	55300	7.67	0.2	2.096	
907.5	55370	7.55	0.22	-999	
908.5	55440	7.23	0.21	1.946	
909.5	55510	6.83	0.2	-999	
910.5	55580	6.96	0.2	2.352	
911.5	55650	6.87	0.2	-999	
912.5	55720	6.85	0.21	1.856	
913.5	55790	6.82	0.18	-999	
914.5	55860	6.55	0.19	1.784	
915.5	55930	6.8	0.19	-999	
916.5	56000	7.11	0.18	1.708	
917.5	56070	7.41	0.19	-999	
918.5	56140	7.57	0.2	1.55	
919.5	56210	7.19	0.18	-999	
920.5	56280	7.48	0.21	1.625	
921.5	56350	7.58	0.22	-999	
922.5	56420	7.94	0.25	1.859	
923.5	56490	8.13	0.3	-999	
924.5	56560	7.96	0.34	2.221	
925.5	56630	7.92	0.34	-999	
926.5	56690	7.15	0.26	1.978	
928.5	56789	6.58	0.2	1.628	
929.5	56838	6.29	0.19	-999	
930.5	56888	6.5	0.23	1.941	
931.5	56938	6.67	0.2	-999	
932.5	56987	6.33	0.17	1.822	
933.5	57037	6.49	0.17	-999	
934.5	57086	6.59	0.17	1.86	
935.5	57136	6.9	0.19	-999	
936.5	57185	6.71	0.2	1.866	
937.5	57280	7.88	0.24	-999	
938.5	57420	7.43	0.25	2.083	
939.5	57560	7.57	0.25	-999	
940.5	57700	7.76	0.26	2.404	
941.5	57840	7.35	0.24	-999	
942.5	57980	7.06	0.23	3.142	
943.5	58120	5.96	0.11	-999	
944.5	58162	5.98	0.23	1.117	
945.5	58203	5.64	0.13	-999	
946.5	58245	5.32	0.15	1.11	
947.5	58287	5.36	0.1	-999	
948.5	58328	5.34	0.2	1.401	
949.5	58370	5.26	0.13	-999	
950.5	58412	5.35	0.14	1.271	
951.5	58453	5.03	0.14	-999	
952.5	58495	5.1	0.13	0.869	
953.5	58537	5	0.12	-999	
954.5	58578	5.01	0.1	0.708	
955.5	58620	4.75	0.1	-999	
956.5	58662	4.66	0.09	0.664	
957.5	58703	4.58	0.08	-999	
958.5	58745	4.68	0.1	0.502	
959.5	58787	5.19	0.08	-999	
960.5	58828	5.09	0.09	0.479	
961.5	58870	5.26	0.1	-999	
962.5	58912	5.98	0.13	0.567	
963.5	58953	5.78	0.13	-999	
964.5	58995	5.67	0.12	0.665	
965.5	59037	6.02	0.14	-999	
966.5	59078	6.2	0.12	0.646	
967.5	59120	5.56	0.1	-999	
968.5	59162	5.11	0.09	0.555	
969.5	59203	4.84	0.07	-999	
970.5	59245	5.26	0.08	0.483	
971.5	59287	5.27	0.08	-999	
972.5	59328	5.35	0.08	0.412	
973.5	59370	5.33	0.09	-999	
974.5	59412	5.25	0.08	0.479	
975.5	59453	5.63	0.08	-999	
976.5	59495	5.4	0.08	0.459	
977.5	59537	5.33	0.08	-999	
978.5	59578	5.48	0.09	0.558	
979.5	59620	5.24	0.08	-999	
980.5	59662	5.29	0.08	0.55	
981.5	59703	5.2	0.07	-999	
982.5	59745	5.15	0.08	0.454	
983.5	59787	5.23	0.1	-999	
984.5	59828	5.33	0.11	0.556	
985.5	59870	5.66	0.13	-999	
986.5	59912	5.5	0.12	0.54	
987.5	59953	5.75	0.13	-999	
988.5	59995	5.98	0.15	0.925	
989.5	60037	5.2	0.1	-999	
990.5	60078	5.29	0.09	0.557	
991.5	60120	5.01	0.08	-999	
992.5	60162	5.25	0.1	0.446	
993.5	60203	4.98	0.08	-999	
994.5	60245	4.79	0.1	0.421	
995.5	60287	4.87	0.1	-999	
996.5	60328	4.94	0.1	0.482	
997.5	60370	4.99	0.09	-999	
998.5	60412	5.09	0.1	0.515	
999.5	60453	4.97	0.1	-999	
1000.5	60495	4.88	0.1	0.516	
1001.5	60537	5.05	0.1	-999	
1002.5	60578	5.01	0.11	0.497	
1003.5	60620	5.05	0.09	-999	
1004.5	60662	5.15	0.11	0.514	
1005.5	60703	5.1	0.11	-999	
1006.5	60745	5.71	0.14	0.54	
1007.5	60787	5.29	0.11	-999	
1008.5	60828	5.06	0.1	0.492	
1009.5	60870	4.94	0.11	-999	
1010.5	60912	5.27	0.11	0.526	
1011.5	60953	5.24	0.1	-999	
1012.5	60995	5.64	0.11	0.504	
1013.5	61037	5.48	0.11	-999	
1014.5	61078	5.58	0.12	0.664	
1015.5	61120	5.26	0.1	-999	
1016.5	61162	5.23	0.09	0.553	
1017.5	61203	5.2	0.1	-999	
1018.5	61245	5.13	0.1	0.492	
1019.5	61287	4.93	0.1	-999	
1020.5	61328	5.18	0.11	0.552	
1021.5	61370	5.12	0.11	-999	
1022.5	61412	5.21	0.11	0.589	
1023.5	61453	5.18	0.1	-999	
1024.5	61495	5.11	0.11	0.596	
1025.5	61537	5.11	0.1	-999	
1026.5	61578	5.32	0.11	0.661	
1027.5	61620	5.08	0.1	-999	
1028.5	61662	4.88	0.09	0.567	
1029.5	61703	4.82	0.09	-999	
1030.5	61745	5	0.11	0.573	
1031.5	61787	5.62	0.11	-999	
1032.5	61828	5.32	0.11	0.599	
1033.5	61870	5.83	0.13	-999	
1034.5	61912	5.54	0.12	0.859	
1035.5	61953	5.22	0.1	-999	
1036.5	61995	5.19	0.1	0.606	
1037.5	62037	5.08	0.11	-999	
1038.5	62078	5.07	0.1	0.659	
1039.5	62120	4.87	0.11	-999	
1040.5	62162	4.66	0.11	0.623	
1041.5	62203	4.81	0.11	-999	
1042.5	62245	5.03	0.1	0.697	
1043.5	62287	5.02	0.11	-999	
1044.5	62328	4.98	0.11	0.737	
1045.5	62370	5.07	0.12	-999	
1046.5	62412	5.15	0.11	0.883	
1047.5	62453	4.96	0.1	-999	
1048.5	62495	4.87	0.12	0.791	
1049.5	62537	4.63	0.12	-999	
1050.5	62578	4.87	0.11	0.674	
1051.5	62620	4.76	0.12	-999	
1052.5	62662	5.08	0.13	0.897	
1053.5	62703	4.56	0.11	-999	
1054.5	62745	4.72	0.11	0.696	
1055.5	62786	4.71	0.12	-999	
1056.5	62828	4.75	0.11	0.667	
1057.5	62870	4.99	0.12	-999	
1058.5	62911	4.89	0.11	0.652	
1059.5	62953	5.43	0.12	-999	
1060.5	62995	5.07	0.11	0.615	
1061.5	63036	4.74	0.1	-999	
1062.5	63078	4.69	0.11	0.639	
1063.5	63120	4.78	0.11	-999	
1064.5	63161	4.92	0.1	0.675	
1065.5	63203	4.97	0.11	-999	
1066.5	63245	5.3	0.12	0.672	
1067.5	63286	5.15	0.11	-999	
1068.5	63328	5.44	0.12	0.737	
1069.5	63370	4.99	0.1	-999	
1070.5	63411	5.25	0.11	0.776	
1071.5	63453	5.74	0.11	-999	
1072.5	63495	5.1	0.1	0.686	
1073.5	63536	5.08	0.11	-999	
1074.5	63578	5.37	0.11	0.762	
